At (1, 0):
(1,0.167) (0,0.0) 
At (2, 0):
(1,0.2) (0,0.0) 
At (3, 0):
(1,0.25) (0,0.0) 
At (4, 0):
(1,0.333) (0,0.0) 
At (5, 0):
(1,0.5) (0,0.0) 
At (6, 0):
(1,1.0) (0,0.0) 
At (3, 1):
(1,0.125) (0,0.0) 
At (4, 1):
(1,0.167) (0,0.0) 
At (5, 1):
(1,0.25) (0,0.0) 
At (6, 1):
(1,1.0) (1,0.5) (0,0.0) 
At (2, 2):
(1,0.2) (0,0.0) 
At (3, 2):
(1,0.25) (0,0.0) 
At (4, 2):
(1,0.333) (0,0.0) 
At (5, 2):
(1,0.5) (0,0.0) 
At (6, 2):
(1,1.0) (1,0.5) (0,0.0) 
At (5, 3):
(1,0.5) (0,0.0) 
At (6, 3):
(1,1.0) (0,0.0) 
At (4, 4):
(1,1.0) (0,0.0) 
At (3, 6):
(1,1.0) (0,0.0) 
Time: 0.08176875114440918
