At (1, 0):
(1,0.111) (0,0.0) 
At (2, 0):
(1,0.125) (0,0.0) 
At (3, 0):
(1,0.143) (0,0.0) 
At (4, 0):
(1,0.167) (0,0.0) 
At (5, 0):
(1,0.2) (0,0.0) 
At (6, 0):
(1,0.25) (0,0.0) 
At (7, 0):
(1,0.333) (0,0.0) 
At (8, 0):
(1,0.5) (0,0.0) 
At (9, 0):
(1,1.0) (0,0.0) 
At (5, 1):
(1,0.2) (0,0.0) 
At (6, 1):
(1,0.25) (0,0.0) 
At (7, 1):
(2,0.333) (0,0.0) 
At (8, 1):
(3,0.5) (0,0.0) 
At (9, 1):
(3,1.0) (0,0.0) 
At (3, 2):
(1,0.143) (0,0.0) 
At (4, 2):
(1,0.167) (0,0.0) 
At (5, 2):
(1,0.2) (0,0.0) 
At (6, 2):
(1,0.25) (0,0.0) 
At (7, 2):
(1,0.333) (0,0.0) 
At (8, 2):
(1,0.5) (1,0.125) (0,0.0) 
At (9, 2):
(1,1.0) (1,0.25) (0,0.0) 
At (8, 3):
(1,0.167) (0,0.0) 
At (9, 3):
(1,0.333) (0,0.0) 
At (7, 4):
(1,0.167) (0,0.0) 
At (8, 4):
(1,0.25) (0,0.0) 
At (9, 4):
(1,0.5) (0,0.0) 
At (7, 5):
(1,0.333) (0,0.0) 
At (8, 5):
(1,0.5) (0,0.0) 
At (9, 5):
(1,1.0) (0,0.0) 
At (4, 8):
(1,0.5) (0,0.0) 
At (5, 8):
(1,1.0) (0,0.0) 
Time: 1.3651089668273926
